0
95
2 0
4 2273
13 2526
17 37992
23 47228
28 47232
30 48233
35 48347
39 92418
66 156996
73 164909
78 187537
92 187845
94 187848
105 188365
110 188379
111 189046
116 196118
122 196536
128 197013
133 197315
139 197734
145 198812
150 198989
153 199227
159 199467
165 199585
170 199642
177 199760
179 200061
184 200362
189 200479
195 200657
201 200775
206 200833
213 200952
219 201189
224 201366
229 201484
235 202561
241 203279
247 203336
253 203395
259 203513
265 203571
271 203990
277 204047
283 204165
288 204283
291 204340
296 204401
305 204518
310 204696
316 204754
321 204931
327 205709
333 205768
338 205826
340 206003
345 206364
351 206422
356 206480
361 206538
367 206657
373 206715
375 206832
380 206893
386 206951
391 207128
397 207185
402 207424
406 229520
411 305158
418 305448
423 305449
448 308693
450 308695
474 327789
518 331822
528 337796
539 338497
549 338949
555 339238
559 339239
565 339251
572 339258
583 339517
622 339518
629 339610
636 351852
638 354172
645 354949
652 388022
655 394915
657 395654
